../SN001/SN001_l_1.png   0 0 0 0 0 0 1 0 0 0
../SN001/SN001_l_2.png   0 0 0 0 0 0 1 0 0 0
../SN001/SN001_l_3.png   0 0 0 0 0 0 1 0 0 0
../SN001/SN001_l_4.png   0 0 0 0 0 0 1 0 0 0
../SN001/SN001_l_5.png   0 0 0 0 0 0 1 0 0 0
../SN001/SN001_l_6.png   0 0 0 0 0 0 1 0 0 0
../SN001/SN001_l_7.png   0 0 0 0 0 0 1 0 0 0
../SN001/SN001_l_8.png   0 0 0 0 0 0 1 0 0 0
../SN001/SN001_l_9.png   0 0 0 0 0 0 1 0 0 0
../SN001/SN001_l_10.png   0 0 0 0 0 0 1 0 0 0
../SN001/SN001_l_11.png   0 0 0 0 0 0 1 0 0 0
../SN001/SN001_l_12.png   0 0 0 0 0 0 1 0 0 0
../SN001/SN001_l_13.png   0 0 0 0 0 0 1 0 0 0
../SN001/SN001_l_14.png   0 0 0 0 0 0 1 0 0 0
../SN001/SN001_l_15.png   0 0 0 0 0 0 1 0 0 0
../SN001/SN001_l_16.png   0 0 0 0 0 0 1 0 0 0
../SN001/SN001_l_17.png   0 0 0 0 0 0 1 0 0 0
../SN001/SN001_l_18.png   0 0 0 0 0 0 1 0 0 0
../SN001/SN001_l_19.png   0 0 0 0 0 0 1 0 0 0
../SN001/SN001_l_20.png   0 0 0 0 0 0 1 0 0 0
../SN001/SN001_l_21.png   0 0 0 0 0 0 1 0 0 0
../SN001/SN001_l_22.png   0 0 0 0 0 0 1 0 0 0
../SN001/SN001_l_23.png   0 0 0 0 0 0 1 0 0 0
../SN001/SN001_l_24.png   0 0 0 0 0 0 1 0 0 0
../SN001/SN001_l_25.png   0 0 0 0 0 0 1 0 0 0
../SN001/SN001_l_26.png   0 0 0 0 0 0 1 0 0 0
../SN001/SN001_l_27.png   0 0 0 0 0 0 1 0 0 0
../SN001/SN001_l_28.png   0 0 0 0 0 0 1 0 0 0
../SN001/SN001_l_29.png   0 0 0 0 0 0 1 0 0 0
../SN001/SN001_l_30.png   0 0 0 0 0 0 1 0 0 0
../SN001/SN001_l_31.png   0 0 0 0 0 0 1 0 0 0
../SN001/SN001_l_32.png   0 0 0 0 0 0 1 0 0 0
../SN001/SN001_l_33.png   0 0 0 0 0 0 1 0 0 0
../SN001/SN001_l_34.png   0 0 0 0 0 0 1 0 0 0
../SN001/SN001_l_35.png   0 0 0 0 0 0 1 0 0 0
../SN001/SN001_l_36.png   0 0 0 0 0 0 1 0 0 0
../SN001/SN001_l_37.png   0 0 0 0 0 0 1 0 0 0
../SN001/SN001_l_38.png   0 0 0 0 0 0 1 0 0 0
../SN001/SN001_l_39.png   0 0 0 0 0 0 1 0 0 0
../SN001/SN001_l_40.png   0 0 0 0 0 0 1 0 0 0
../SN001/SN001_l_41.png   0 0 0 0 0 0 1 0 0 0
../SN001/SN001_l_42.png   0 0 0 0 0 0 1 0 0 0
../SN001/SN001_l_43.png   0 0 0 0 0 0 1 0 0 0
../SN001/SN001_l_44.png   0 0 0 0 0 0 1 0 0 0
../SN001/SN001_l_45.png   0 0 0 0 0 0 1 0 0 0
../SN001/SN001_l_46.png   0 0 0 0 0 0 1 0 0 0
../SN001/SN001_l_47.png   0 0 0 0 0 0 1 0 0 0
../SN001/SN001_l_48.png   0 0 0 0 0 0 1 0 0 0
../SN001/SN001_l_49.png   0 0 0 0 0 0 1 0 0 0
../SN001/SN001_l_50.png   0 0 0 0 0 0 1 0 0 0
../SN001/SN001_l_51.png   0 0 0 0 0 0 1 0 0 0
../SN001/SN001_l_52.png   0 0 0 0 0 0 1 0 0 0
../SN001/SN001_l_53.png   0 0 0 0 0 0 1 0 0 0
../SN001/SN001_l_54.png   0 0 0 0 0 0 1 0 0 0
../SN001/SN001_l_55.png   0 0 0 0 0 0 1 0 0 0
../SN001/SN001_l_56.png   0 0 0 0 0 0 1 0 0 0
../SN001/SN001_l_57.png   0 0 0 0 0 0 1 0 0 0
../SN001/SN001_l_58.png   0 0 0 0 0 0 1 0 0 0
../SN001/SN001_l_59.png   0 0 0 0 0 0 1 0 0 0
../SN001/SN001_l_60.png   0 0 0 0 0 0 1 0 0 0
../SN001/SN001_l_61.png   0 0 0 0 0 0 1 0 0 0
../SN001/SN001_l_62.png   0 0 0 0 0 0 1 0 0 0
../SN001/SN001_l_63.png   0 0 0 0 0 0 1 0 0 0
../SN001/SN001_l_64.png   0 0 0 0 0 0 1 0 0 0
../SN001/SN001_l_65.png   0 0 0 0 0 0 1 0 0 0
../SN001/SN001_l_66.png   0 0 0 0 0 0 1 0 0 0
../SN001/SN001_l_67.png   0 0 0 0 0 0 1 0 0 0
../SN001/SN001_l_68.png   0 0 0 0 0 0 1 0 0 0
../SN001/SN001_l_69.png   0 0 0 0 0 0 1 0 0 0
../SN001/SN001_l_70.png   0 0 0 0 0 0 1 0 0 0
../SN001/SN001_l_71.png   0 0 0 0 0 0 1 0 0 0
../SN001/SN001_l_72.png   0 0 0 0 0 0 1 0 0 0
../SN001/SN001_l_73.png   0 0 0 0 0 0 1 0 0 0
../SN001/SN001_l_74.png   0 0 0 0 0 0 1 0 0 0
../SN001/SN001_l_75.png   0 0 0 0 0 0 1 0 0 0
../SN001/SN001_l_76.png   0 0 0 0 0 0 1 0 0 0
../SN001/SN001_l_77.png   0 0 0 0 0 0 1 0 0 0
../SN001/SN001_l_78.png   0 0 0 0 0 0 1 0 0 0
../SN001/SN001_l_79.png   0 0 0 0 0 0 1 0 0 0
../SN001/SN001_l_80.png   0 0 0 0 0 0 1 0 0 0
../SN001/SN001_l_81.png   0 0 0 0 0 0 1 0 0 0
../SN001/SN001_l_82.png   0 0 0 0 0 0 1 0 0 0
../SN001/SN001_l_83.png   0 0 0 0 0 0 1 0 0 0
../SN001/SN001_l_84.png   0 0 0 0 0 0 1 0 0 0
../SN001/SN001_l_85.png   0 0 0 0 0 0 1 0 0 0
../SN001/SN001_l_86.png   0 0 0 0 0 0 1 0 0 0
../SN001/SN001_l_87.png   0 0 0 0 0 0 1 0 0 0
../SN001/SN001_l_88.png   0 0 0 0 0 0 1 0 0 0
../SN001/SN001_l_89.png   0 0 0 0 0 0 1 0 0 0
../SN001/SN001_l_90.png   0 0 0 0 0 0 1 0 0 0
../SN001/SN001_l_91.png   0 0 0 0 0 0 1 0 0 0
../SN001/SN001_l_92.png   0 0 0 0 0 0 1 0 0 0
../SN001/SN001_l_93.png   0 0 0 0 0 0 1 0 0 0
../SN001/SN001_l_94.png   0 0 0 0 0 0 1 0 0 0
../SN001/SN001_l_95.png   0 0 0 0 0 0 1 0 0 0
../SN001/SN001_l_96.png   0 0 0 0 0 0 1 0 0 0
../SN001/SN001_l_97.png   0 0 0 0 0 0 1 0 0 0
../SN001/SN001_l_98.png   0 0 0 0 0 0 1 0 0 0
../SN001/SN001_l_99.png   0 0 0 0 0 0 1 0 0 0
../SN001/SN001_l_100.png   0 0 0 0 0 0 1 0 0 0
../SN001/SN001_l_101.png   0 0 0 0 0 0 1 0 0 0
../SN001/SN001_l_102.png   0 0 0 0 0 0 1 0 0 0
../SN001/SN001_l_103.png   0 0 0 0 0 0 1 0 0 0
../SN001/SN001_l_104.png   0 0 0 0 0 0 1 0 0 0
../SN001/SN001_l_105.png   0 0 0 0 0 0 1 0 0 0
../SN001/SN001_l_106.png   0 0 0 0 0 0 1 0 0 0
../SN001/SN001_l_107.png   0 0 0 0 0 0 1 0 0 0
../SN001/SN001_l_108.png   0 0 0 0 0 0 1 0 0 0
../SN001/SN001_l_109.png   0 0 0 0 0 0 1 0 0 0
../SN001/SN001_l_110.png   0 0 0 0 0 0 1 0 0 0
../SN001/SN001_l_111.png   0 0 0 0 0 0 1 0 0 0
../SN001/SN001_l_112.png   0 0 0 0 0 0 1 0 0 0
../SN001/SN001_l_113.png   0 0 0 0 0 0 1 0 0 0
../SN001/SN001_l_114.png   0 0 0 0 0 0 1 0 0 0
../SN001/SN001_l_115.png   0 0 0 0 0 0 1 0 0 0
../SN001/SN001_l_116.png   0 0 0 0 0 0 1 0 0 0
../SN001/SN001_l_117.png   0 0 0 0 0 0 1 0 0 0
../SN001/SN001_l_118.png   0 0 0 0 0 0 1 0 0 0
../SN001/SN001_l_119.png   0 0 0 0 0 0 1 0 0 0
../SN001/SN001_l_120.png   0 0 0 0 0 0 1 0 0 0
../SN001/SN001_l_121.png   0 0 0 0 0 0 1 0 0 0
../SN001/SN001_l_122.png   0 0 0 0 0 0 1 0 0 0
../SN001/SN001_l_123.png   0 0 0 0 0 0 1 0 0 0
../SN001/SN001_l_124.png   0 0 0 0 0 0 1 0 0 0
../SN001/SN001_l_125.png   0 0 0 0 0 0 1 0 0 0
../SN001/SN001_l_126.png   0 0 0 0 0 0 1 0 0 0
../SN001/SN001_l_127.png   0 0 0 0 0 0 1 0 0 0
../SN001/SN001_l_128.png   0 0 0 0 0 0 1 0 0 0
../SN001/SN001_l_129.png   0 0 0 0 0 0 1 0 0 0
../SN001/SN001_l_130.png   0 0 0 0 0 0 1 0 0 0
../SN001/SN001_l_131.png   0 0 0 0 0 0 1 0 0 0
../SN001/SN001_l_132.png   0 0 0 0 0 0 1 0 0 0
../SN001/SN001_l_133.png   0 0 0 0 0 0 1 0 0 0
../SN001/SN001_l_134.png   0 0 0 0 0 0 1 0 0 0
../SN001/SN001_l_135.png   0 0 0 0 0 0 1 0 0 0
../SN001/SN001_l_136.png   0 0 0 0 0 0 1 0 0 0
../SN001/SN001_l_137.png   0 0 0 0 0 0 1 0 0 0
../SN001/SN001_l_138.png   0 0 0 0 0 0 1 0 0 0
../SN001/SN001_l_139.png   0 0 0 0 0 0 1 0 0 0
../SN001/SN001_l_140.png   0 0 0 0 0 0 1 0 0 0
../SN001/SN001_l_141.png   0 0 0 0 0 0 1 0 0 0
../SN001/SN001_l_142.png   0 0 0 0 0 0 1 0 0 0
../SN001/SN001_l_143.png   0 0 0 0 0 0 1 0 0 0
../SN001/SN001_l_144.png   0 0 0 0 0 0 1 0 0 0
../SN001/SN001_l_145.png   0 0 0 0 0 0 1 0 0 0
../SN001/SN001_l_146.png   0 0 0 0 0 0 1 0 0 0
../SN001/SN001_l_147.png   0 0 0 0 0 0 1 0 0 0
../SN001/SN001_l_148.png   0 0 0 0 0 0 1 0 0 0
../SN001/SN001_l_149.png   0 0 0 0 0 0 1 0 0 0
../SN001/SN001_l_150.png   0 0 0 0 0 0 1 0 0 0
../SN001/SN001_l_151.png   0 0 0 0 0 0 1 0 0 0
../SN001/SN001_l_152.png   0 0 0 0 0 0 1 0 0 0
../SN001/SN001_l_153.png   0 0 0 0 0 0 1 0 0 0
../SN001/SN001_l_154.png   0 0 0 0 0 0 1 0 0 0
../SN001/SN001_l_155.png   0 0 0 0 0 0 1 0 0 0
../SN001/SN001_l_156.png   0 0 0 0 0 0 1 0 0 0
../SN001/SN001_l_157.png   0 0 0 0 0 0 1 0 0 0
../SN001/SN001_l_158.png   0 0 0 0 0 0 1 0 0 0
../SN001/SN001_l_159.png   0 0 0 0 0 0 1 0 0 0
../SN001/SN001_l_160.png   0 0 0 0 0 0 1 0 0 0
../SN001/SN001_l_161.png   0 0 0 0 0 0 1 0 0 0
../SN001/SN001_l_162.png   0 0 0 0 0 0 1 0 0 0
../SN001/SN001_l_163.png   0 0 0 0 0 0 1 0 0 0
../SN001/SN001_l_164.png   0 0 0 0 0 0 1 0 0 0
../SN001/SN001_l_165.png   0 0 0 0 0 0 1 0 0 0
../SN001/SN001_l_166.png   0 0 0 0 0 0 1 0 0 0
../SN001/SN001_l_167.png   0 0 0 0 0 0 1 0 0 0
../SN001/SN001_l_168.png   0 0 0 0 0 0 1 0 0 0
../SN001/SN001_l_169.png   0 0 0 0 0 0 1 0 0 0
../SN001/SN001_l_170.png   0 0 0 0 0 0 1 0 0 0
../SN001/SN001_l_171.png   0 0 0 0 0 0 1 0 0 0
../SN001/SN001_l_172.png   0 0 0 0 0 0 1 0 0 0
../SN001/SN001_l_173.png   0 0 0 0 0 0 1 0 0 0
../SN001/SN001_l_174.png   0 0 0 0 0 0 1 0 0 0
../SN001/SN001_l_175.png   0 0 0 0 0 0 1 0 0 0
../SN001/SN001_l_176.png   0 0 0 0 0 0 1 0 0 0
../SN001/SN001_l_177.png   0 0 0 0 0 0 1 0 0 0
../SN001/SN001_l_178.png   0 0 0 0 0 0 1 0 0 0
../SN001/SN001_l_179.png   0 0 0 0 0 0 1 0 0 0
../SN001/SN001_l_180.png   0 0 0 0 0 0 1 0 0 0
../SN001/SN001_l_181.png   0 0 0 0 0 0 1 0 0 0
../SN001/SN001_l_182.png   0 0 0 0 0 0 1 0 0 0
../SN001/SN001_l_183.png   0 0 0 0 0 0 1 0 0 0
../SN001/SN001_l_184.png   0 0 0 0 0 0 1 0 0 0
../SN001/SN001_l_185.png   0 0 0 0 0 0 1 0 0 0
../SN001/SN001_l_186.png   0 0 0 0 0 0 1 0 0 0
../SN001/SN001_l_187.png   0 0 0 0 0 0 1 0 0 0
../SN001/SN001_l_188.png   0 0 0 0 0 0 1 0 0 0
../SN001/SN001_l_189.png   0 0 0 0 0 0 1 0 0 0
../SN001/SN001_l_190.png   0 0 0 0 0 0 1 0 0 0
../SN001/SN001_l_191.png   0 0 0 0 0 0 1 0 0 0
../SN001/SN001_l_192.png   0 0 0 0 0 0 1 0 0 0
../SN001/SN001_l_193.png   0 0 0 0 0 0 1 0 0 0
../SN001/SN001_l_194.png   0 0 0 0 0 0 1 0 0 0
../SN001/SN001_l_195.png   0 0 0 0 0 0 1 0 0 0
../SN001/SN001_l_196.png   0 0 0 0 0 0 1 0 0 0
../SN001/SN001_l_197.png   0 0 0 0 0 0 1 0 0 0
../SN001/SN001_l_198.png   0 0 0 0 0 0 1 0 0 0
../SN001/SN001_l_199.png   0 0 0 0 0 0 1 0 0 0
../SN001/SN001_l_200.png   0 0 0 0 0 0 1 0 0 0
../SN001/SN001_l_201.png   0 0 0 0 0 0 1 0 0 0
../SN001/SN001_l_202.png   0 0 0 0 0 0 1 0 0 0
../SN001/SN001_l_203.png   0 0 0 0 0 0 1 0 0 0
../SN001/SN001_l_204.png   0 0 0 0 0 0 1 0 0 0
../SN001/SN001_l_205.png   0 0 0 0 0 0 1 0 0 0
../SN001/SN001_l_206.png   0 0 0 0 0 0 1 0 0 0
../SN001/SN001_l_207.png   0 0 0 0 0 0 1 0 0 0
../SN001/SN001_l_208.png   0 0 0 0 0 0 1 0 0 0
../SN001/SN001_l_209.png   0 0 0 0 0 0 1 0 0 0
../SN001/SN001_l_210.png   0 0 0 0 0 0 1 0 0 0
../SN001/SN001_l_211.png   0 0 0 0 0 0 1 0 0 0
../SN001/SN001_l_212.png   0 0 0 0 0 0 1 0 0 0
../SN001/SN001_l_213.png   0 0 0 0 0 0 1 0 0 0
../SN001/SN001_l_214.png   0 0 0 0 0 0 1 0 0 0
../SN001/SN001_l_215.png   0 0 0 0 0 0 1 0 0 0
../SN001/SN001_l_216.png   0 0 0 0 0 0 1 0 0 0
../SN001/SN001_l_217.png   0 0 0 0 0 0 1 0 0 0
../SN001/SN001_l_218.png   0 0 0 0 0 0 1 0 0 0
../SN001/SN001_l_219.png   0 0 0 0 0 0 1 0 0 0
../SN001/SN001_l_220.png   0 0 0 0 0 0 1 0 0 0
../SN001/SN001_l_221.png   0 0 0 0 0 0 1 0 0 0
../SN001/SN001_l_222.png   0 0 0 0 0 0 1 0 0 0
../SN001/SN001_l_223.png   0 0 0 0 0 0 1 0 0 0
../SN001/SN001_l_224.png   0 0 0 0 0 0 1 0 0 0
../SN001/SN001_l_225.png   0 0 0 0 0 0 1 0 0 0
../SN001/SN001_l_226.png   0 0 0 0 0 0 1 0 0 0
../SN001/SN001_l_227.png   0 0 0 0 0 0 1 0 0 0
../SN001/SN001_l_228.png   0 0 0 0 0 0 1 0 0 0
../SN001/SN001_l_229.png   0 0 0 0 0 0 1 0 0 0
../SN001/SN001_l_230.png   0 0 0 0 0 0 1 0 0 0
../SN001/SN001_l_231.png   0 0 0 0 0 0 1 0 0 0
../SN001/SN001_l_232.png   0 0 0 0 0 0 1 0 0 0
../SN001/SN001_l_233.png   0 0 0 0 0 0 1 0 0 0
../SN001/SN001_l_234.png   0 0 0 0 0 0 1 0 0 0
../SN001/SN001_l_235.png   0 0 0 0 0 0 1 0 0 0
../SN001/SN001_l_236.png   0 0 0 0 0 0 1 0 0 0
../SN001/SN001_l_237.png   0 0 0 0 0 0 1 0 0 0
../SN001/SN001_l_238.png   0 0 0 0 0 0 1 0 0 0
../SN001/SN001_l_239.png   0 0 0 0 0 0 1 0 0 0
../SN001/SN001_l_240.png   0 0 0 0 0 0 1 0 0 0
../SN001/SN001_l_241.png   0 0 0 0 0 0 1 0 0 0
../SN001/SN001_l_242.png   0 0 0 0 0 0 1 0 0 0
../SN001/SN001_l_243.png   0 0 0 0 0 0 1 0 0 0
../SN001/SN001_l_244.png   0 0 0 0 0 0 1 0 0 0
../SN001/SN001_l_245.png   0 0 0 0 0 0 1 0 0 0
../SN001/SN001_l_246.png   0 0 0 0 0 0 1 0 0 0
../SN001/SN001_l_247.png   0 0 0 0 0 0 1 0 0 0
../SN001/SN001_l_248.png   0 0 0 0 0 0 1 0 0 0
../SN001/SN001_l_249.png   0 0 0 0 0 0 1 0 0 0
../SN001/SN001_l_250.png   0 0 0 0 0 0 1 0 0 0
../SN001/SN001_l_251.png   0 0 0 0 0 0 1 0 0 0
../SN001/SN001_l_252.png   0 0 0 0 0 0 1 0 0 0
../SN001/SN001_l_253.png   0 0 0 0 0 0 1 0 0 0
../SN001/SN001_l_254.png   0 0 0 0 0 0 1 0 0 0
../SN001/SN001_l_255.png   0 0 0 0 0 0 1 0 0 0
../SN001/SN001_l_256.png   0 0 0 0 0 0 1 0 0 0
../SN001/SN001_l_257.png   0 0 0 0 0 0 1 0 0 0
../SN001/SN001_l_258.png   0 0 0 0 0 0 1 0 0 0
../SN001/SN001_l_259.png   0 0 0 0 0 0 1 0 0 0
../SN001/SN001_l_260.png   0 0 0 0 0 0 1 0 0 0
../SN001/SN001_l_261.png   0 0 0 0 0 0 1 0 0 0
../SN001/SN001_l_262.png   0 0 0 0 0 0 1 0 0 0
../SN001/SN001_l_263.png   0 0 0 0 0 0 1 0 0 0
../SN001/SN001_l_264.png   0 0 0 0 0 0 1 0 0 0
../SN001/SN001_l_265.png   0 0 0 0 0 0 1 0 0 0
../SN001/SN001_l_266.png   0 0 0 0 0 0 1 0 0 0
../SN001/SN001_l_267.png   0 0 0 0 0 0 1 0 0 0
../SN001/SN001_l_268.png   0 0 0 0 0 0 1 0 0 0
../SN001/SN001_l_269.png   0 0 0 0 0 0 1 0 0 0
../SN001/SN001_l_270.png   0 0 0 0 0 0 1 0 0 0
../SN001/SN001_l_271.png   0 0 0 0 0 0 1 0 0 0
../SN001/SN001_l_272.png   0 0 0 0 0 0 1 0 0 0
../SN001/SN001_l_273.png   0 0 0 0 0 0 1 0 0 0
../SN001/SN001_l_274.png   0 0 0 0 0 0 1 0 0 0
../SN001/SN001_l_275.png   0 0 0 0 0 0 1 0 0 0
../SN001/SN001_l_276.png   0 0 0 0 0 0 1 0 0 0
../SN001/SN001_l_277.png   0 0 0 0 0 0 1 0 0 0
../SN001/SN001_l_278.png   0 0 0 0 0 0 1 0 0 0
../SN001/SN001_l_279.png   0 0 0 0 0 0 1 0 0 0
../SN001/SN001_l_280.png   0 0 0 0 0 0 1 0 0 0
../SN001/SN001_l_281.png   0 0 0 0 0 0 1 0 0 0
../SN001/SN001_l_282.png   0 0 0 0 0 0 1 0 0 0
../SN001/SN001_l_283.png   0 0 0 0 0 0 1 0 0 0
../SN001/SN001_l_284.png   0 0 0 0 0 0 1 0 0 0
../SN001/SN001_l_285.png   0 0 0 0 0 0 1 0 0 0
../SN001/SN001_l_286.png   0 0 0 0 0 0 1 0 0 0
../SN001/SN001_l_287.png   0 0 0 0 0 0 1 0 0 0
../SN001/SN001_l_288.png   0 0 0 0 0 0 1 0 0 0
../SN001/SN001_l_289.png   0 0 0 0 0 0 1 0 0 0
../SN001/SN001_l_290.png   0 0 0 0 0 0 1 0 0 0
../SN001/SN001_l_291.png   0 0 0 0 0 0 1 0 0 0
../SN001/SN001_l_292.png   0 0 0 0 0 0 1 0 0 0
../SN001/SN001_l_293.png   0 0 0 0 0 0 1 0 0 0
../SN001/SN001_l_294.png   0 0 0 0 0 0 1 0 0 0
../SN001/SN001_l_295.png   0 0 0 0 0 0 1 0 0 0
../SN001/SN001_l_296.png   0 0 0 0 0 0 1 0 0 0
../SN001/SN001_l_297.png   0 0 0 0 0 0 1 0 0 0
../SN001/SN001_l_298.png   0 0 0 0 0 0 1 0 0 0
../SN001/SN001_l_299.png   0 0 0 0 0 0 1 0 0 0
../SN001/SN001_l_300.png   0 0 0 0 0 0 1 0 0 0
../SN001/SN001_l_301.png   0 0 0 0 0 0 1 0 0 0
../SN001/SN001_l_302.png   0 0 0 0 0 0 1 0 0 0
../SN001/SN001_l_303.png   0 0 0 0 0 0 1 0 0 0
../SN001/SN001_l_304.png   0 0 0 0 0 0 1 0 0 0
../SN001/SN001_l_305.png   0 0 0 0 0 0 1 0 0 0
../SN001/SN001_l_306.png   0 0 0 0 0 0 1 0 0 0
../SN001/SN001_l_307.png   0 0 0 0 0 0 1 0 0 0
../SN001/SN001_l_308.png   0 0 0 0 0 0 1 0 0 0
../SN001/SN001_l_309.png   0 0 0 0 0 0 1 0 0 0
../SN001/SN001_l_310.png   0 0 0 0 0 0 1 0 0 0
../SN001/SN001_l_311.png   0 0 0 0 0 0 1 0 0 0
../SN001/SN001_l_312.png   0 0 0 0 0 0 1 0 0 0
../SN001/SN001_l_313.png   0 0 0 0 0 0 1 0 0 0
../SN001/SN001_l_314.png   0 0 0 0 0 0 1 0 0 0
../SN001/SN001_l_315.png   0 0 0 0 0 0 1 0 0 0
../SN001/SN001_l_316.png   0 0 0 0 0 0 1 0 0 0
../SN001/SN001_l_317.png   0 0 0 0 0 0 1 0 0 0
../SN001/SN001_l_318.png   0 0 0 0 0 0 1 0 0 0
../SN001/SN001_l_319.png   0 0 0 0 0 0 1 0 0 0
../SN001/SN001_l_320.png   0 0 0 0 0 0 1 0 0 0
../SN001/SN001_l_321.png   0 0 0 0 0 0 1 0 0 0
../SN001/SN001_l_322.png   0 0 0 0 0 0 1 0 0 0
../SN001/SN001_l_323.png   0 0 0 0 0 0 1 0 0 0
../SN001/SN001_l_324.png   0 0 0 0 0 0 1 0 0 0
../SN001/SN001_l_325.png   0 0 0 0 0 0 1 0 0 0
../SN001/SN001_l_326.png   0 0 0 0 0 0 1 0 0 0
../SN001/SN001_l_327.png   0 0 0 0 0 0 1 0 0 0
../SN001/SN001_l_328.png   0 0 0 0 0 0 1 0 0 0
../SN001/SN001_l_329.png   0 0 0 0 0 0 1 0 0 0
../SN001/SN001_l_330.png   0 0 0 0 0 0 1 0 0 0
../SN001/SN001_l_331.png   0 0 0 0 0 0 1 0 0 0
../SN001/SN001_l_332.png   0 0 0 0 0 0 1 0 0 0
../SN001/SN001_l_333.png   0 0 0 0 0 0 1 0 0 0
../SN001/SN001_l_334.png   0 0 0 0 0 0 1 0 0 0
../SN001/SN001_l_335.png   0 0 0 0 0 0 1 0 0 0
../SN001/SN001_l_336.png   0 0 0 0 0 0 1 0 0 0
../SN001/SN001_l_337.png   0 0 0 0 0 0 1 0 0 0
../SN001/SN001_l_338.png   0 0 0 0 0 0 1 0 0 0
../SN001/SN001_l_339.png   0 0 0 0 0 0 1 0 0 0
../SN001/SN001_l_340.png   0 0 0 0 0 0 1 0 0 0
../SN001/SN001_l_341.png   0 0 0 0 0 0 1 0 0 0
../SN001/SN001_l_342.png   0 0 0 0 0 0 1 0 0 0
../SN001/SN001_l_343.png   0 0 0 0 0 0 1 0 0 0
../SN001/SN001_l_344.png   0 0 0 0 0 0 1 0 0 0
../SN001/SN001_l_345.png   0 0 0 0 0 0 1 0 0 0
../SN001/SN001_l_346.png   0 0 0 0 0 0 1 0 0 0
../SN001/SN001_l_347.png   0 0 0 0 0 0 1 0 0 0
../SN001/SN001_l_348.png   0 0 0 0 0 0 1 0 0 0
../SN001/SN001_l_349.png   0 0 0 0 0 0 1 0 0 0
../SN001/SN001_l_350.png   0 0 0 0 0 0 1 0 0 0
../SN001/SN001_l_351.png   0 0 0 0 0 0 1 0 0 0
../SN001/SN001_l_352.png   0 0 0 0 0 0 1 0 0 0
../SN001/SN001_l_353.png   0 0 0 0 0 0 1 0 0 0
../SN001/SN001_l_354.png   0 0 0 0 0 0 1 0 0 0
../SN001/SN001_l_355.png   0 0 0 0 0 0 1 0 0 0
../SN001/SN001_l_356.png   0 0 0 0 0 0 1 0 0 0
../SN001/SN001_l_357.png   0 0 0 0 0 0 1 0 0 0
../SN001/SN001_l_358.png   0 0 0 0 0 0 1 0 0 0
../SN001/SN001_l_359.png   0 0 0 0 0 0 1 0 0 0
../SN001/SN001_l_360.png   0 0 0 0 0 0 1 0 0 0
../SN001/SN001_l_361.png   0 0 0 0 0 0 1 0 0 0
../SN001/SN001_l_362.png   0 0 0 0 0 0 1 0 0 0
../SN001/SN001_l_363.png   0 0 0 0 0 0 1 0 0 0
../SN001/SN001_l_364.png   0 0 0 0 0 0 1 0 0 0
../SN001/SN001_l_365.png   0 0 0 0 0 0 1 0 0 0
../SN001/SN001_l_366.png   0 0 0 0 0 0 1 0 0 0
../SN001/SN001_l_367.png   0 0 0 0 0 0 1 0 0 0
../SN001/SN001_l_368.png   0 0 0 0 0 0 1 0 0 0
../SN001/SN001_l_369.png   0 0 0 0 0 0 1 0 0 0
../SN001/SN001_l_370.png   0 0 0 0 0 0 1 0 0 0
../SN001/SN001_l_371.png   0 0 0 0 0 0 1 0 0 0
../SN001/SN001_l_372.png   0 0 0 0 0 0 1 0 0 0
../SN001/SN001_l_373.png   0 0 0 0 0 0 1 0 0 0
../SN001/SN001_l_374.png   0 0 0 0 0 0 1 0 0 0
../SN001/SN001_l_375.png   0 0 0 0 0 0 1 0 0 0
../SN001/SN001_l_376.png   0 0 0 0 0 0 1 0 0 0
../SN001/SN001_l_377.png   0 0 0 0 0 0 1 0 0 0
../SN001/SN001_l_378.png   0 0 0 0 0 0 1 0 0 0
../SN001/SN001_l_379.png   0 0 0 0 0 0 1 0 0 0
../SN001/SN001_l_380.png   0 0 0 0 0 0 1 0 0 0
../SN001/SN001_l_381.png   0 0 0 0 0 0 1 0 0 0
../SN001/SN001_l_382.png   0 0 0 0 0 0 1 0 0 0
../SN001/SN001_l_383.png   0 0 0 0 0 0 1 0 0 0
../SN001/SN001_l_384.png   0 0 0 0 0 0 1 0 0 0
../SN001/SN001_l_385.png   0 0 0 0 0 0 1 0 0 0
../SN001/SN001_l_386.png   0 0 0 0 0 0 1 0 0 0
../SN001/SN001_l_387.png   0 0 0 0 0 0 1 0 0 0
../SN001/SN001_l_388.png   0 0 0 0 0 0 1 0 0 0
../SN001/SN001_l_389.png   0 0 0 0 0 0 1 0 0 0
../SN001/SN001_l_390.png   0 0 0 0 0 0 1 0 0 0
../SN001/SN001_l_391.png   0 0 0 0 0 0 1 0 0 0
../SN001/SN001_l_392.png   0 0 0 0 0 0 1 0 0 0
../SN001/SN001_l_393.png   0 0 0 0 0 0 1 0 0 0
../SN001/SN001_l_394.png   0 0 0 0 0 0 1 0 0 0
../SN001/SN001_l_395.png   0 0 0 0 0 0 1 0 0 0
../SN001/SN001_l_396.png   0 0 0 0 0 0 1 0 0 0
../SN001/SN001_l_397.png   0 0 0 0 0 0 1 0 0 0
../SN001/SN001_l_398.png   0 0 0 0 0 0 1 0 0 0
../SN001/SN001_l_399.png   0 0 0 0 0 0 1 0 0 0
../SN001/SN001_l_400.png   0 0 0 0 0 0 1 0 0 0
../SN001/SN001_l_401.png   0 0 0 0 0 0 1 0 0 0
../SN001/SN001_l_402.png   0 0 0 0 0 0 1 0 0 0
../SN001/SN001_l_403.png   0 0 0 0 0 0 1 0 0 0
../SN001/SN001_l_404.png   0 0 0 0 0 0 1 0 0 0
../SN001/SN001_l_405.png   0 0 0 0 0 0 1 0 0 0
../SN001/SN001_l_406.png   0 0 0 0 0 0 1 0 0 0
../SN001/SN001_l_407.png   0 0 0 0 0 0 1 0 0 0
../SN001/SN001_l_408.png   0 0 0 0 0 0 1 0 0 0
../SN001/SN001_l_409.png   0 0 0 0 0 0 1 0 0 0
../SN001/SN001_l_410.png   0 0 0 0 0 0 1 0 0 0
../SN001/SN001_l_411.png   0 0 0 0 0 0 1 0 0 0
../SN001/SN001_l_412.png   0 0 0 0 0 0 1 0 0 0
../SN001/SN001_l_413.png   0 0 0 0 0 0 1 0 0 0
../SN001/SN001_l_414.png   0 0 0 0 0 0 1 0 0 0
../SN001/SN001_l_415.png   0 0 0 0 0 0 1 0 0 0
../SN001/SN001_l_416.png   0 0 0 0 0 0 1 0 0 0
../SN001/SN001_l_417.png   0 0 0 0 0 0 1 0 0 0
../SN001/SN001_l_418.png   0 0 0 0 0 0 1 0 0 0
../SN001/SN001_l_419.png   0 0 0 0 0 0 1 0 0 0
../SN001/SN001_l_420.png   0 0 0 0 0 0 1 0 0 0
../SN001/SN001_l_421.png   0 0 0 0 0 0 1 0 0 0
../SN001/SN001_l_422.png   0 0 0 0 0 0 1 0 0 0
../SN001/SN001_l_423.png   0 0 0 0 0 0 1 0 0 0
../SN001/SN001_l_424.png   0 0 0 0 0 0 1 0 0 0
../SN001/SN001_l_425.png   0 0 0 0 0 0 1 0 0 0
../SN001/SN001_l_426.png   0 0 0 0 0 0 1 0 0 0
../SN001/SN001_l_427.png   0 0 0 0 0 0 1 0 0 0
../SN001/SN001_l_428.png   0 0 0 0 0 0 1 0 0 0
../SN001/SN001_l_429.png   0 0 0 0 0 0 1 0 0 0
../SN001/SN001_l_430.png   0 0 0 0 0 0 1 0 0 0
../SN001/SN001_l_431.png   0 0 0 0 0 0 1 0 0 0
../SN001/SN001_l_432.png   0 0 0 0 0 0 1 0 0 0
../SN001/SN001_l_433.png   0 0 0 0 0 0 1 0 0 0
../SN001/SN001_l_434.png   0 0 0 0 0 0 1 0 0 0
../SN001/SN001_l_435.png   0 0 0 0 0 0 1 0 0 0
../SN001/SN001_l_436.png   0 0 0 0 0 0 1 0 0 0
../SN001/SN001_l_437.png   0 0 0 0 0 0 1 0 0 0
../SN001/SN001_l_1222.png   0 0 0 0 0 0 0 0 0 1
../SN001/SN001_l_1223.png   0 0 0 0 0 0 0 0 0 1
../SN001/SN001_l_1224.png   0 0 0 0 0 0 0 0 0 1
../SN001/SN001_l_1225.png   0 0 0 0 0 0 0 0 1 1
../SN001/SN001_l_1226.png   0 0 0 0 0 0 0 0 1 1
../SN001/SN001_l_1227.png   0 0 0 0 0 0 0 0 1 1
../SN001/SN001_l_1228.png   0 0 0 0 0 0 0 0 1 1
../SN001/SN001_l_1229.png   0 0 0 0 0 0 0 0 1 1
../SN001/SN001_l_1230.png   0 0 0 0 0 0 0 0 1 1
../SN001/SN001_l_1231.png   0 0 0 0 0 0 0 0 1 1
../SN001/SN001_l_1232.png   0 0 0 0 0 0 0 0 0 1
../SN001/SN001_l_1233.png   0 0 0 0 0 0 0 0 0 1
../SN001/SN001_l_1335.png   0 0 1 0 0 0 0 0 0 0
../SN001/SN001_l_1336.png   0 0 1 0 0 0 0 0 0 0
../SN001/SN001_l_1337.png   0 0 1 0 0 0 0 0 0 0
../SN001/SN001_l_1338.png   0 0 1 0 0 0 0 0 0 0
../SN001/SN001_l_1339.png   0 0 1 0 0 0 0 0 0 0
../SN001/SN001_l_1340.png   0 0 1 0 0 0 0 0 0 0
../SN001/SN001_l_1341.png   0 0 1 0 0 0 0 0 0 0
../SN001/SN001_l_1342.png   0 0 1 0 0 0 0 0 0 0
../SN001/SN001_l_1343.png   0 0 1 0 0 0 0 0 0 0
../SN001/SN001_l_1344.png   0 0 1 0 0 0 0 0 0 0
../SN001/SN001_l_1345.png   0 0 1 0 0 0 0 0 0 0
../SN001/SN001_l_1346.png   0 0 1 0 0 0 0 0 0 0
../SN001/SN001_l_1347.png   0 0 1 0 0 0 0 0 0 0
../SN001/SN001_l_1348.png   0 0 1 0 0 0 0 0 0 0
../SN001/SN001_l_1415.png   0 0 0 0 0 0 0 0 0 1
../SN001/SN001_l_1416.png   0 0 0 0 0 0 0 0 0 1
../SN001/SN001_l_1417.png   0 0 0 0 0 0 0 0 0 1
../SN001/SN001_l_1418.png   0 0 0 0 0 0 0 0 0 1
../SN001/SN001_l_1419.png   0 0 0 0 0 0 0 0 0 1
../SN001/SN001_l_1420.png   0 0 0 0 0 0 0 0 0 1
../SN001/SN001_l_1421.png   0 0 0 0 0 0 0 0 0 1
../SN001/SN001_l_1422.png   0 0 0 0 0 0 0 0 0 1
../SN001/SN001_l_1423.png   0 0 0 0 0 0 0 0 0 1
../SN001/SN001_l_1424.png   0 0 0 0 0 0 0 0 0 1
../SN001/SN001_l_1425.png   0 0 0 0 0 0 0 0 0 1
../SN001/SN001_l_1426.png   0 0 0 0 0 0 0 0 0 1
../SN001/SN001_l_1427.png   0 0 0 0 0 0 0 0 0 1
../SN001/SN001_l_1428.png   0 0 0 0 0 0 0 0 0 1
../SN001/SN001_l_1429.png   0 0 0 0 0 0 0 0 0 1
../SN001/SN001_l_1613.png   0 0 1 0 0 0 0 0 0 0
../SN001/SN001_l_1614.png   0 0 1 0 0 0 0 0 0 0
../SN001/SN001_l_1615.png   0 0 1 0 0 0 0 0 0 0
../SN001/SN001_l_1616.png   0 0 1 0 0 0 0 0 0 0
../SN001/SN001_l_1617.png   0 0 1 0 0 0 0 0 0 0
../SN001/SN001_l_1618.png   0 0 1 0 0 0 0 0 0 0
../SN001/SN001_l_1619.png   0 0 1 0 0 0 0 0 0 0
../SN001/SN001_l_1620.png   0 0 1 0 0 0 0 0 0 0
../SN001/SN001_l_1621.png   0 0 1 0 0 0 0 0 0 0
../SN001/SN001_l_1622.png   0 0 1 0 0 0 0 0 0 0
../SN001/SN001_l_1623.png   0 0 1 0 0 0 0 0 0 0
../SN001/SN001_l_1624.png   0 0 1 0 0 0 0 0 0 0
../SN001/SN001_l_1633.png   1 0 0 0 0 0 0 0 0 0
../SN001/SN001_l_1634.png   1 0 0 0 0 0 0 0 0 0
../SN001/SN001_l_1635.png   1 0 0 0 0 0 0 0 0 0
../SN001/SN001_l_1636.png   1 0 0 0 0 0 0 0 0 0
../SN001/SN001_l_1637.png   1 0 0 0 0 0 0 0 0 0
../SN001/SN001_l_1638.png   1 0 0 0 0 0 0 0 0 0
../SN001/SN001_l_1639.png   1 0 0 0 0 0 0 0 0 0
../SN001/SN001_l_1640.png   1 0 0 0 0 0 0 0 0 0
../SN001/SN001_l_1674.png   0 0 1 0 0 0 0 0 0 0
../SN001/SN001_l_1675.png   0 0 1 0 0 0 0 0 0 0
../SN001/SN001_l_1676.png   0 0 1 0 0 0 0 0 0 0
../SN001/SN001_l_1677.png   0 0 1 0 0 0 0 0 0 0
../SN001/SN001_l_1678.png   0 0 1 0 0 0 0 0 0 0
../SN001/SN001_l_1679.png   0 0 1 0 0 0 0 0 0 0
../SN001/SN001_l_1680.png   0 0 1 0 0 0 0 0 0 0
../SN001/SN001_l_1681.png   0 0 1 0 0 0 0 0 0 0
../SN001/SN001_l_1682.png   0 0 1 0 0 0 0 0 1 0
../SN001/SN001_l_1683.png   0 0 1 0 0 0 0 0 1 0
../SN001/SN001_l_1684.png   0 0 1 0 0 0 0 0 1 0
../SN001/SN001_l_1685.png   0 0 1 0 0 0 0 0 1 0
../SN001/SN001_l_1686.png   0 0 1 0 0 0 0 0 1 0
../SN001/SN001_l_1687.png   0 0 1 0 0 0 0 0 1 0
../SN001/SN001_l_1688.png   0 0 0 0 0 0 0 0 1 0
../SN001/SN001_l_1689.png   0 0 0 0 0 0 0 0 1 0
../SN001/SN001_l_1690.png   0 0 0 0 0 0 0 0 1 0
../SN001/SN001_l_1691.png   0 0 0 0 0 0 0 0 1 0
../SN001/SN001_l_1692.png   0 0 0 0 0 0 0 0 1 0
../SN001/SN001_l_1693.png   0 0 0 0 0 0 0 0 1 0
../SN001/SN001_l_1694.png   0 0 0 0 0 0 0 0 1 0
../SN001/SN001_l_1695.png   0 0 0 0 0 0 0 0 1 0
../SN001/SN001_l_1696.png   0 0 0 0 0 0 0 0 1 0
../SN001/SN001_l_1697.png   0 0 0 0 0 0 0 0 1 0
../SN001/SN001_l_1698.png   0 0 0 0 0 0 0 0 1 0
../SN001/SN001_l_1699.png   0 0 0 0 0 0 0 0 1 0
../SN001/SN001_l_1700.png   0 0 0 0 0 0 0 0 1 0
../SN001/SN001_l_1701.png   0 0 0 0 0 0 0 0 1 0
../SN001/SN001_l_1702.png   0 0 0 0 0 0 0 0 1 0
../SN001/SN001_l_1703.png   0 0 0 0 0 0 0 0 1 0
../SN001/SN001_l_1704.png   0 0 0 0 0 0 0 0 1 0
../SN001/SN001_l_1705.png   0 0 0 0 0 0 0 0 1 0
../SN001/SN001_l_1706.png   0 0 0 0 0 0 0 0 1 0
../SN001/SN001_l_1707.png   0 0 0 0 0 0 0 0 1 0
../SN001/SN001_l_1708.png   0 0 0 0 0 0 0 0 1 0
../SN001/SN001_l_1709.png   0 0 0 0 0 0 0 0 1 0
../SN001/SN001_l_1710.png   0 0 0 0 0 0 0 0 1 0
../SN001/SN001_l_1711.png   0 0 0 0 0 0 0 0 1 0
../SN001/SN001_l_1712.png   0 0 0 0 0 0 0 0 1 0
../SN001/SN001_l_1713.png   0 0 0 0 0 0 0 0 1 0
../SN001/SN001_l_1714.png   0 0 0 0 0 0 0 0 1 0
../SN001/SN001_l_1715.png   0 0 0 0 0 0 0 0 1 0
../SN001/SN001_l_1716.png   0 0 0 0 0 0 0 0 1 0
../SN001/SN001_l_1717.png   0 0 0 0 0 0 0 0 1 0
../SN001/SN001_l_1718.png   0 0 0 0 0 0 0 0 1 0
../SN001/SN001_l_1719.png   0 0 0 0 0 0 0 0 1 0
../SN001/SN001_l_1720.png   0 0 0 0 0 0 0 0 1 0
../SN001/SN001_l_1721.png   0 0 0 0 0 0 0 0 1 0
../SN001/SN001_l_1722.png   0 0 0 0 0 0 0 0 1 0
../SN001/SN001_l_1723.png   0 0 0 0 0 0 0 0 1 0
../SN001/SN001_l_1724.png   0 0 0 0 0 0 0 0 1 0
../SN001/SN001_l_1725.png   0 0 0 0 0 0 0 0 1 0
../SN001/SN001_l_1726.png   0 0 0 0 0 0 0 0 1 0
../SN001/SN001_l_1727.png   0 0 0 0 0 0 0 0 1 0
../SN001/SN001_l_1728.png   0 0 0 0 0 0 0 0 1 0
../SN001/SN001_l_1729.png   0 0 0 0 0 0 0 0 1 0
../SN001/SN001_l_1730.png   0 0 0 0 0 0 0 0 1 0
../SN001/SN001_l_1731.png   0 0 0 0 0 0 0 0 1 0
../SN001/SN001_l_1732.png   0 0 0 0 0 0 0 0 1 0
../SN001/SN001_l_1733.png   0 0 0 0 0 0 0 0 1 0
../SN001/SN001_l_1734.png   0 0 0 0 0 0 0 0 1 0
../SN001/SN001_l_1735.png   0 0 0 0 0 0 0 0 1 0
../SN001/SN001_l_1736.png   0 0 0 0 0 0 0 0 1 0
../SN001/SN001_l_1737.png   0 0 0 0 0 0 0 0 1 0
../SN001/SN001_l_1738.png   0 0 0 0 0 0 0 0 1 0
../SN001/SN001_l_1739.png   0 0 0 0 0 0 0 0 1 0
../SN001/SN001_l_1740.png   0 0 0 0 0 0 0 0 1 0
../SN001/SN001_l_1741.png   0 0 0 0 0 0 0 0 1 0
../SN001/SN001_l_1742.png   0 0 0 0 0 0 0 0 1 0
../SN001/SN001_l_1743.png   0 0 0 0 0 0 0 0 1 0
../SN001/SN001_l_1744.png   0 0 0 0 0 0 0 0 1 0
../SN001/SN001_l_1745.png   0 0 0 0 0 0 0 0 1 0
../SN001/SN001_l_1746.png   0 0 0 0 0 0 0 0 1 0
../SN001/SN001_l_1747.png   0 0 0 0 0 0 1 0 1 0
../SN001/SN001_l_1748.png   0 0 0 0 0 0 1 0 1 0
../SN001/SN001_l_1749.png   0 0 0 0 0 0 1 0 1 0
../SN001/SN001_l_1750.png   0 0 0 0 0 0 1 0 1 0
../SN001/SN001_l_1751.png   0 0 0 0 0 0 1 0 1 0
../SN001/SN001_l_1752.png   0 0 0 0 0 0 1 0 1 0
../SN001/SN001_l_1753.png   0 0 0 0 0 0 1 0 1 0
../SN001/SN001_l_1754.png   0 0 0 0 0 0 1 0 1 0
../SN001/SN001_l_1755.png   0 0 0 0 0 0 1 0 1 0
../SN001/SN001_l_1756.png   0 0 0 0 0 0 1 0 1 0
../SN001/SN001_l_1757.png   0 0 0 0 0 0 1 0 1 0
../SN001/SN001_l_1758.png   0 0 0 0 0 0 1 0 1 0
../SN001/SN001_l_1759.png   0 0 0 0 0 0 1 0 1 0
../SN001/SN001_l_1760.png   0 0 0 0 0 0 1 0 1 0
../SN001/SN001_l_1761.png   0 0 0 0 0 0 1 0 1 0
../SN001/SN001_l_1762.png   0 0 0 0 0 0 1 0 1 0
../SN001/SN001_l_1763.png   0 0 0 0 0 0 1 0 1 0
../SN001/SN001_l_1764.png   0 0 0 0 0 0 1 0 1 0
../SN001/SN001_l_1765.png   0 0 0 0 0 0 1 0 1 0
../SN001/SN001_l_1766.png   0 0 0 0 0 0 1 0 1 0
../SN001/SN001_l_1767.png   0 0 0 0 0 0 1 0 1 0
../SN001/SN001_l_1768.png   0 0 0 0 0 0 1 0 1 0
../SN001/SN001_l_1769.png   0 0 0 0 0 0 1 0 1 0
../SN001/SN001_l_1770.png   0 0 0 0 0 0 1 0 1 0
../SN001/SN001_l_1771.png   0 0 0 0 0 0 1 0 1 0
../SN001/SN001_l_1772.png   0 0 0 0 0 0 1 0 1 0
../SN001/SN001_l_1773.png   0 0 0 0 0 0 1 0 1 0
../SN001/SN001_l_1774.png   0 0 0 0 0 0 1 0 1 0
../SN001/SN001_l_1775.png   0 0 0 0 0 0 1 0 1 0
../SN001/SN001_l_1776.png   0 0 0 0 0 0 1 0 1 0
../SN001/SN001_l_1777.png   0 0 0 0 0 0 1 0 1 0
../SN001/SN001_l_1778.png   0 0 0 0 0 0 1 0 1 0
../SN001/SN001_l_1779.png   0 0 0 0 0 0 1 0 1 0
../SN001/SN001_l_1780.png   0 0 0 0 0 0 1 0 1 0
../SN001/SN001_l_1781.png   0 0 0 0 0 0 1 0 1 0
../SN001/SN001_l_1782.png   0 0 0 0 0 0 1 0 1 0
../SN001/SN001_l_1783.png   0 0 0 0 0 0 1 0 1 0
../SN001/SN001_l_1784.png   0 0 0 0 0 0 1 0 1 0
../SN001/SN001_l_1785.png   0 0 0 0 0 0 1 0 1 0
../SN001/SN001_l_1786.png   0 0 0 0 0 0 1 0 1 0
../SN001/SN001_l_1787.png   0 0 0 0 0 0 1 0 1 0
../SN001/SN001_l_1788.png   0 0 0 0 0 0 1 0 1 0
../SN001/SN001_l_1789.png   0 0 0 0 0 0 1 0 1 0
../SN001/SN001_l_1790.png   0 0 0 0 0 0 1 0 1 0
../SN001/SN001_l_1791.png   0 0 0 0 0 0 1 0 1 0
../SN001/SN001_l_1792.png   0 0 0 0 0 0 1 0 1 0
../SN001/SN001_l_1793.png   0 0 0 0 0 0 1 0 1 0
../SN001/SN001_l_1794.png   0 0 0 0 0 0 1 0 1 0
../SN001/SN001_l_1795.png   0 0 0 0 0 0 1 0 1 0
../SN001/SN001_l_1796.png   0 0 0 0 0 0 1 0 1 0
../SN001/SN001_l_1797.png   0 0 0 0 0 0 1 0 1 0
../SN001/SN001_l_1798.png   0 0 0 0 0 0 1 0 1 0
../SN001/SN001_l_1799.png   0 0 0 0 0 0 1 0 1 0
../SN001/SN001_l_1800.png   0 0 0 0 0 0 1 0 1 0
../SN001/SN001_l_1801.png   0 0 0 0 0 0 1 0 1 0
../SN001/SN001_l_1802.png   0 0 0 0 0 0 1 0 1 0
../SN001/SN001_l_1803.png   0 0 0 0 0 0 1 0 1 0
../SN001/SN001_l_1804.png   0 0 0 0 0 0 1 0 1 0
../SN001/SN001_l_1805.png   0 0 0 0 0 0 1 0 1 0
../SN001/SN001_l_1806.png   0 0 0 0 0 0 1 0 1 0
../SN001/SN001_l_1807.png   0 0 0 0 0 0 1 0 1 0
../SN001/SN001_l_1808.png   0 0 0 0 0 0 1 0 1 0
../SN001/SN001_l_1809.png   0 0 0 0 0 0 1 0 1 0
../SN001/SN001_l_1810.png   0 0 0 0 0 0 1 0 1 0
../SN001/SN001_l_1811.png   0 0 0 0 0 0 1 0 1 0
../SN001/SN001_l_1812.png   0 0 0 0 0 0 1 0 1 0
../SN001/SN001_l_1813.png   0 0 0 0 0 0 1 0 1 0
../SN001/SN001_l_1814.png   0 0 0 0 0 0 1 0 1 0
../SN001/SN001_l_1815.png   0 0 0 0 0 0 1 0 1 0
../SN001/SN001_l_1816.png   0 0 0 0 0 0 1 0 1 0
../SN001/SN001_l_1817.png   0 0 0 0 0 0 1 0 1 0
../SN001/SN001_l_1818.png   0 0 0 0 0 0 1 0 1 0
../SN001/SN001_l_1819.png   0 0 0 0 0 0 1 0 1 0
../SN001/SN001_l_1820.png   0 0 0 0 0 0 1 0 1 0
../SN001/SN001_l_1821.png   0 0 0 0 0 0 1 0 1 0
../SN001/SN001_l_1822.png   0 0 0 0 0 0 1 0 1 0
../SN001/SN001_l_1823.png   0 0 0 0 0 0 1 0 1 0
../SN001/SN001_l_1824.png   0 0 0 0 0 0 1 0 1 0
../SN001/SN001_l_1825.png   0 0 0 0 0 0 1 0 1 0
../SN001/SN001_l_1826.png   0 0 0 0 0 0 1 0 1 0
../SN001/SN001_l_1827.png   0 0 0 0 0 0 1 0 1 0
../SN001/SN001_l_1828.png   0 0 0 0 0 0 1 0 1 0
../SN001/SN001_l_1829.png   0 0 0 0 0 0 1 0 1 0
../SN001/SN001_l_1830.png   0 0 0 0 0 0 1 0 1 0
../SN001/SN001_l_1831.png   0 0 0 0 0 0 1 0 1 0
../SN001/SN001_l_1832.png   0 0 0 0 0 0 1 0 1 0
../SN001/SN001_l_1833.png   0 0 0 0 0 0 1 0 1 0
../SN001/SN001_l_1834.png   0 0 0 0 0 0 1 0 1 0
../SN001/SN001_l_1835.png   0 0 0 0 0 0 1 0 1 0
../SN001/SN001_l_1836.png   0 0 0 0 0 0 1 0 1 0
../SN001/SN001_l_1837.png   0 0 0 0 0 0 1 0 1 0
../SN001/SN001_l_1838.png   0 0 0 0 0 0 1 0 1 0
../SN001/SN001_l_1839.png   0 0 0 0 0 0 1 0 1 0
../SN001/SN001_l_1840.png   0 0 0 0 0 0 1 0 1 0
../SN001/SN001_l_1841.png   0 0 0 0 0 0 1 0 1 0
../SN001/SN001_l_1842.png   0 0 0 0 0 0 1 0 1 0
../SN001/SN001_l_1843.png   0 0 0 0 0 0 1 0 1 0
../SN001/SN001_l_1844.png   0 0 0 0 0 0 1 0 1 0
../SN001/SN001_l_1845.png   0 0 0 0 0 0 1 0 1 0
../SN001/SN001_l_1846.png   0 0 0 0 0 0 1 0 1 0
../SN001/SN001_l_1847.png   0 0 0 0 0 0 1 0 1 0
../SN001/SN001_l_1848.png   0 0 0 0 0 0 1 0 1 0
../SN001/SN001_l_1849.png   0 0 0 0 0 0 1 0 1 0
../SN001/SN001_l_1850.png   0 0 0 0 0 0 1 0 1 0
../SN001/SN001_l_1851.png   0 0 0 0 0 0 1 0 1 0
../SN001/SN001_l_1852.png   0 0 0 0 0 0 1 0 1 0
../SN001/SN001_l_1853.png   0 0 0 0 0 0 1 0 1 0
../SN001/SN001_l_1854.png   0 0 0 0 0 0 1 0 1 0
../SN001/SN001_l_1855.png   0 0 0 0 0 0 1 0 1 0
../SN001/SN001_l_1856.png   0 0 0 0 0 0 1 0 1 0
../SN001/SN001_l_1857.png   0 0 0 0 0 0 1 0 1 0
../SN001/SN001_l_1858.png   0 0 0 0 0 0 1 0 1 0
../SN001/SN001_l_1859.png   0 0 0 0 0 0 1 0 1 0
../SN001/SN001_l_1860.png   0 0 0 0 0 0 1 0 1 0
../SN001/SN001_l_1861.png   0 0 0 0 0 0 1 0 1 0
../SN001/SN001_l_1862.png   0 0 0 0 0 0 1 0 1 0
../SN001/SN001_l_1863.png   0 0 0 0 0 0 1 0 1 0
../SN001/SN001_l_1864.png   0 0 0 0 0 0 1 0 1 0
../SN001/SN001_l_1865.png   0 0 0 0 0 0 1 0 1 0
../SN001/SN001_l_1866.png   0 0 0 0 0 0 1 0 1 0
../SN001/SN001_l_1867.png   0 0 0 0 0 0 1 0 1 0
../SN001/SN001_l_1868.png   0 0 0 0 0 0 1 0 1 0
../SN001/SN001_l_1869.png   0 0 0 0 0 0 1 0 1 0
../SN001/SN001_l_1870.png   0 0 0 0 0 0 1 0 1 0
../SN001/SN001_l_1871.png   0 0 0 0 0 0 1 0 1 0
../SN001/SN001_l_1872.png   0 0 0 0 0 0 1 0 1 0
../SN001/SN001_l_1873.png   0 0 0 0 0 0 1 0 1 0
../SN001/SN001_l_1874.png   0 0 0 0 0 0 1 0 1 0
../SN001/SN001_l_1875.png   0 0 0 0 0 0 1 0 1 0
../SN001/SN001_l_1876.png   0 0 0 0 0 0 1 0 1 0
../SN001/SN001_l_1877.png   0 0 0 0 0 0 1 0 1 0
../SN001/SN001_l_1878.png   0 0 0 0 0 0 1 0 1 0
../SN001/SN001_l_1879.png   0 0 0 0 0 0 1 0 1 0
../SN001/SN001_l_1880.png   0 0 0 0 0 0 1 0 1 0
../SN001/SN001_l_1881.png   0 0 0 0 0 0 1 0 1 0
../SN001/SN001_l_1882.png   0 0 0 0 0 0 1 0 1 0
../SN001/SN001_l_1883.png   0 0 0 0 0 0 1 0 1 0
../SN001/SN001_l_1884.png   0 0 0 0 0 0 1 0 1 0
../SN001/SN001_l_1885.png   0 0 0 0 0 0 1 0 1 0
../SN001/SN001_l_1886.png   0 0 0 0 0 0 1 0 1 0
../SN001/SN001_l_1887.png   0 0 0 0 0 0 1 0 1 0
../SN001/SN001_l_1888.png   0 0 0 0 0 0 1 0 1 0
../SN001/SN001_l_1889.png   0 0 0 0 0 0 1 0 1 0
../SN001/SN001_l_1890.png   0 0 0 0 0 0 1 0 1 0
../SN001/SN001_l_1891.png   0 0 0 0 0 0 1 0 1 0
../SN001/SN001_l_1892.png   0 0 0 0 0 0 1 0 1 0
../SN001/SN001_l_1893.png   0 0 0 0 0 0 1 0 1 0
../SN001/SN001_l_1894.png   0 0 0 0 0 0 1 0 1 0
../SN001/SN001_l_1895.png   0 0 0 0 0 0 1 0 1 0
../SN001/SN001_l_1896.png   0 0 0 0 0 0 1 0 1 0
../SN001/SN001_l_1897.png   0 0 0 0 0 0 1 0 1 0
../SN001/SN001_l_1898.png   0 0 0 0 0 0 1 0 1 0
../SN001/SN001_l_1899.png   0 0 0 0 0 0 1 0 1 0
../SN001/SN001_l_1900.png   0 0 0 0 0 0 1 0 1 0
../SN001/SN001_l_1901.png   0 0 0 0 0 0 1 0 1 0
../SN001/SN001_l_1902.png   0 0 0 0 0 0 1 0 1 0
../SN001/SN001_l_1903.png   0 0 0 0 0 0 1 0 1 0
../SN001/SN001_l_1904.png   0 0 0 0 0 0 1 0 1 0
../SN001/SN001_l_1905.png   0 0 0 0 0 0 1 0 1 0
../SN001/SN001_l_1906.png   0 0 0 0 0 0 1 0 1 0
../SN001/SN001_l_1907.png   0 0 0 0 0 0 1 0 1 0
../SN001/SN001_l_1908.png   0 0 0 0 0 0 1 0 1 0
../SN001/SN001_l_1909.png   0 0 0 0 0 0 1 0 1 0
../SN001/SN001_l_1910.png   0 0 0 0 0 0 1 0 1 0
../SN001/SN001_l_1911.png   0 0 0 0 0 0 1 0 1 0
../SN001/SN001_l_1912.png   0 0 0 0 0 0 1 0 1 0
../SN001/SN001_l_1913.png   0 0 0 0 0 0 1 0 1 0
../SN001/SN001_l_1914.png   0 0 0 0 0 0 1 0 1 0
../SN001/SN001_l_1915.png   0 0 0 0 0 0 1 0 1 0
../SN001/SN001_l_1916.png   0 0 0 0 0 0 1 0 1 0
../SN001/SN001_l_1917.png   0 0 0 0 0 0 1 0 1 0
../SN001/SN001_l_1918.png   0 0 0 0 0 0 1 0 1 0
../SN001/SN001_l_1919.png   0 0 0 0 0 0 1 0 1 0
../SN001/SN001_l_1920.png   0 0 0 0 0 0 1 0 1 0
../SN001/SN001_l_1921.png   0 0 0 0 0 0 1 0 1 0
../SN001/SN001_l_1922.png   0 0 0 0 0 0 1 0 1 0
../SN001/SN001_l_1923.png   0 0 0 0 0 0 1 0 1 0
../SN001/SN001_l_1924.png   0 0 0 0 0 0 1 0 1 0
../SN001/SN001_l_1925.png   0 0 0 0 0 0 1 0 1 0
../SN001/SN001_l_1926.png   0 0 0 0 0 0 0 0 1 0
../SN001/SN001_l_1927.png   0 0 0 0 0 0 0 0 1 0
../SN001/SN001_l_1928.png   0 0 0 0 0 0 0 0 1 0
../SN001/SN001_l_1929.png   0 0 0 0 0 0 0 0 1 0
../SN001/SN001_l_1930.png   0 0 0 0 0 0 0 0 1 0
../SN001/SN001_l_1931.png   0 0 0 0 0 0 0 0 1 0
../SN001/SN001_l_1932.png   0 0 0 0 0 0 0 0 1 0
../SN001/SN001_l_1933.png   0 0 0 0 0 0 0 0 1 0
../SN001/SN001_l_1934.png   0 0 0 0 0 0 0 0 1 0
../SN001/SN001_l_2050.png   0 0 0 0 0 0 0 0 1 0
../SN001/SN001_l_2051.png   0 0 0 0 0 0 0 0 1 0
../SN001/SN001_l_2052.png   0 0 0 0 0 0 0 0 1 0
../SN001/SN001_l_2053.png   0 0 0 0 0 0 0 0 1 0
../SN001/SN001_l_2054.png   0 0 0 0 0 0 0 0 1 0
../SN001/SN001_l_2055.png   0 0 0 0 0 0 0 0 1 0
../SN001/SN001_l_2056.png   0 0 0 0 0 0 0 0 1 0
../SN001/SN001_l_2057.png   0 0 0 0 0 0 0 0 1 0
../SN001/SN001_l_2058.png   0 0 0 0 0 0 0 0 1 0
../SN001/SN001_l_2059.png   0 0 0 0 0 0 0 0 1 0
../SN001/SN001_l_2060.png   0 0 0 0 0 0 0 0 1 0
../SN001/SN001_l_2061.png   0 0 0 0 0 0 0 0 1 0
../SN001/SN001_l_2062.png   0 0 0 0 0 0 0 0 1 0
../SN001/SN001_l_2063.png   0 0 0 0 0 0 0 0 1 0
../SN001/SN001_l_2064.png   0 0 0 0 0 0 0 0 1 0
../SN001/SN001_l_2065.png   0 0 0 0 0 0 0 0 1 0
../SN001/SN001_l_2066.png   0 0 0 0 0 0 0 0 1 0
../SN001/SN001_l_2067.png   0 0 0 0 0 0 0 0 1 0
../SN001/SN001_l_2068.png   0 0 0 0 0 0 0 0 1 0
../SN001/SN001_l_2069.png   0 0 0 0 0 0 0 0 1 0
../SN001/SN001_l_2070.png   0 0 0 0 0 0 0 0 1 0
../SN001/SN001_l_2071.png   0 0 0 0 0 0 0 0 1 0
../SN001/SN001_l_2072.png   0 0 0 0 0 0 0 0 1 0
../SN001/SN001_l_2073.png   0 0 0 0 0 0 0 0 1 0
../SN001/SN001_l_2074.png   0 0 0 0 0 0 0 0 1 0
../SN001/SN001_l_2075.png   0 0 0 0 0 0 0 0 1 0
../SN001/SN001_l_2076.png   0 0 0 0 0 0 0 0 1 0
../SN001/SN001_l_2077.png   0 0 0 0 0 0 0 0 1 0
../SN001/SN001_l_2078.png   0 0 0 0 0 0 0 0 1 0
../SN001/SN001_l_2079.png   0 0 0 0 0 0 0 0 1 0
../SN001/SN001_l_2080.png   0 0 0 0 0 0 0 0 1 0
../SN001/SN001_l_2081.png   0 0 0 0 0 0 0 0 1 0
../SN001/SN001_l_2082.png   0 0 0 0 0 0 0 0 1 0
../SN001/SN001_l_2083.png   0 0 0 0 0 0 0 0 1 0
../SN001/SN001_l_2084.png   0 0 0 0 0 0 0 0 1 0
../SN001/SN001_l_2085.png   0 0 0 0 0 0 0 0 1 0
../SN001/SN001_l_2086.png   0 0 0 0 0 0 0 0 1 0
../SN001/SN001_l_2087.png   0 0 0 0 0 0 0 0 1 0
../SN001/SN001_l_2088.png   0 0 0 0 0 0 0 0 1 0
../SN001/SN001_l_2089.png   0 0 0 0 0 0 0 0 1 0
../SN001/SN001_l_2090.png   0 0 0 0 0 0 0 0 1 0
../SN001/SN001_l_2091.png   0 0 0 0 0 0 0 0 1 0
../SN001/SN001_l_2092.png   0 0 0 0 0 0 0 0 1 0
../SN001/SN001_l_2093.png   0 0 0 0 0 0 0 0 1 0
../SN001/SN001_l_2094.png   0 0 0 0 0 0 0 0 1 0
../SN001/SN001_l_2095.png   0 0 0 0 0 0 0 0 1 0
../SN001/SN001_l_2096.png   0 0 0 0 0 0 0 0 1 0
../SN001/SN001_l_2097.png   0 0 0 0 0 0 0 0 1 0
../SN001/SN001_l_2098.png   0 0 0 0 0 0 0 0 1 0
../SN001/SN001_l_2099.png   0 0 0 0 0 0 0 0 1 0
../SN001/SN001_l_2100.png   0 0 0 0 0 0 0 0 1 0
../SN001/SN001_l_2101.png   0 0 0 0 0 0 0 0 1 0
../SN001/SN001_l_2102.png   0 0 0 0 0 0 0 0 1 0
../SN001/SN001_l_2103.png   0 0 0 0 0 0 0 0 1 0
../SN001/SN001_l_2104.png   0 0 0 0 0 0 0 0 1 0
../SN001/SN001_l_2105.png   0 0 0 0 0 0 0 0 1 0
../SN001/SN001_l_2106.png   0 0 0 0 0 0 0 0 1 0
../SN001/SN001_l_2107.png   0 0 0 0 0 0 0 0 1 0
../SN001/SN001_l_2108.png   0 0 0 0 0 0 0 0 1 0
../SN001/SN001_l_2109.png   0 0 0 0 0 0 0 0 1 0
../SN001/SN001_l_2110.png   0 0 0 0 0 0 0 0 1 0
../SN001/SN001_l_2111.png   0 0 0 0 0 0 0 0 1 0
../SN001/SN001_l_2112.png   0 0 0 0 0 0 0 0 1 0
../SN001/SN001_l_2113.png   0 0 0 0 0 0 0 0 1 0
../SN001/SN001_l_2114.png   0 0 0 0 0 0 0 0 1 0
../SN001/SN001_l_2115.png   0 0 0 0 0 0 0 0 1 0
../SN001/SN001_l_2116.png   0 0 0 0 0 0 0 0 1 0
../SN001/SN001_l_2117.png   0 0 0 0 0 0 0 0 1 0
../SN001/SN001_l_2118.png   0 0 0 0 0 0 0 0 1 0
../SN001/SN001_l_2119.png   0 0 0 0 0 0 0 0 1 0
../SN001/SN001_l_2120.png   0 0 0 0 0 0 0 0 1 0
../SN001/SN001_l_2121.png   0 0 0 0 0 0 0 0 1 0
../SN001/SN001_l_2122.png   0 0 0 0 0 0 0 0 1 0
../SN001/SN001_l_2123.png   0 0 0 0 0 0 0 0 1 0
../SN001/SN001_l_2124.png   0 0 0 0 0 0 0 0 1 0
../SN001/SN001_l_2125.png   0 0 0 0 0 0 0 0 1 0
../SN001/SN001_l_2126.png   0 0 0 0 0 0 0 0 1 0
../SN001/SN001_l_2127.png   0 0 0 0 0 0 0 0 1 0
../SN001/SN001_l_2128.png   0 0 0 0 0 0 0 0 1 0
../SN001/SN001_l_2129.png   0 0 0 0 0 0 0 0 1 0
../SN001/SN001_l_2130.png   0 0 0 0 0 0 0 0 1 0
../SN001/SN001_l_2131.png   0 0 0 0 0 0 0 0 1 0
../SN001/SN001_l_2132.png   0 0 0 0 0 0 0 0 1 0
../SN001/SN001_l_2133.png   0 0 0 0 0 0 0 0 1 0
../SN001/SN001_l_2134.png   0 0 0 0 0 0 0 0 1 0
../SN001/SN001_l_2135.png   0 0 0 0 0 0 0 0 1 0
../SN001/SN001_l_2136.png   0 0 0 0 0 0 0 0 1 0
../SN001/SN001_l_2137.png   0 0 0 0 0 0 0 0 1 0
../SN001/SN001_l_2138.png   0 0 0 0 0 0 0 0 1 0
../SN001/SN001_l_2139.png   0 0 0 0 0 0 0 0 1 0
../SN001/SN001_l_2140.png   0 0 0 0 0 0 0 0 1 0
../SN001/SN001_l_2141.png   0 0 0 0 0 0 0 0 1 0
../SN001/SN001_l_2142.png   0 0 0 0 0 0 0 0 1 0
../SN001/SN001_l_2143.png   0 0 0 0 0 0 0 0 1 0
../SN001/SN001_l_2144.png   0 0 0 0 0 0 0 0 1 0
../SN001/SN001_l_2145.png   0 0 0 0 0 0 0 0 1 0
../SN001/SN001_l_2146.png   0 0 0 0 0 0 0 0 1 0
../SN001/SN001_l_2147.png   0 0 0 0 0 0 0 0 1 0
../SN001/SN001_l_2148.png   0 0 0 0 0 0 0 0 1 0
../SN001/SN001_l_2149.png   0 0 0 0 0 0 0 0 1 0
../SN001/SN001_l_2150.png   0 0 0 0 0 0 0 0 1 0
../SN001/SN001_l_2151.png   0 0 0 0 0 0 0 0 1 0
../SN001/SN001_l_2152.png   0 0 0 0 0 0 0 0 1 0
../SN001/SN001_l_2153.png   0 0 0 0 0 0 0 0 1 0
../SN001/SN001_l_2154.png   0 0 0 0 0 0 0 0 1 0
../SN001/SN001_l_2155.png   0 0 0 0 0 0 0 0 1 0
../SN001/SN001_l_2156.png   0 0 0 0 0 0 0 0 1 0
../SN001/SN001_l_2157.png   0 0 0 0 0 0 0 0 1 0
../SN001/SN001_l_2158.png   0 0 0 0 0 0 0 0 1 0
../SN001/SN001_l_2159.png   0 0 0 0 0 0 0 0 1 0
../SN001/SN001_l_2160.png   0 0 0 0 0 0 0 0 1 0
../SN001/SN001_l_2161.png   0 0 0 0 0 0 0 0 1 0
../SN001/SN001_l_2162.png   0 0 0 0 0 0 0 0 1 0
../SN001/SN001_l_2163.png   0 0 0 0 0 0 0 0 1 0
../SN001/SN001_l_2164.png   0 0 0 0 0 0 0 0 1 0
../SN001/SN001_l_2165.png   0 0 0 0 0 0 0 0 1 0
../SN001/SN001_l_2166.png   0 0 0 0 0 0 0 0 1 0
../SN001/SN001_l_2167.png   0 0 0 0 0 0 0 0 1 0
../SN001/SN001_l_2168.png   0 0 0 0 0 0 0 0 1 0
../SN001/SN001_l_2169.png   0 0 0 0 0 0 0 0 1 0
../SN001/SN001_l_2170.png   0 0 0 0 0 0 0 0 1 0
../SN001/SN001_l_2171.png   0 0 0 0 0 0 0 0 1 0
../SN001/SN001_l_2172.png   0 0 0 0 0 0 0 0 1 0
../SN001/SN001_l_2173.png   0 0 0 0 0 0 0 0 1 0
../SN001/SN001_l_2174.png   0 0 0 0 0 0 0 0 1 0
../SN001/SN001_l_2175.png   0 0 0 0 0 0 0 0 1 0
../SN001/SN001_l_2176.png   0 0 0 0 0 0 0 0 1 0
../SN001/SN001_l_2177.png   0 0 0 0 0 0 0 0 1 0
../SN001/SN001_l_2178.png   0 0 0 0 0 0 0 0 1 0
../SN001/SN001_l_2179.png   0 0 0 0 0 0 0 0 1 0
../SN001/SN001_l_2180.png   0 0 0 0 0 0 0 0 1 0
../SN001/SN001_l_2181.png   0 0 0 0 0 0 0 0 1 0
../SN001/SN001_l_2182.png   0 0 0 0 0 0 0 0 1 0
../SN001/SN001_l_2183.png   0 0 0 0 0 0 0 0 1 0
../SN001/SN001_l_2184.png   0 0 0 0 0 0 0 0 1 0
../SN001/SN001_l_2185.png   0 0 0 0 0 0 0 0 1 0
../SN001/SN001_l_2186.png   0 0 0 0 0 0 0 0 1 0
../SN001/SN001_l_2187.png   0 0 0 0 0 0 0 0 1 0
../SN001/SN001_l_2188.png   0 0 0 0 0 0 0 0 1 0
../SN001/SN001_l_2189.png   0 0 0 0 0 0 0 0 1 0
../SN001/SN001_l_2190.png   0 0 0 0 0 0 0 0 1 0
../SN001/SN001_l_2191.png   0 0 0 0 0 0 0 0 1 0
../SN001/SN001_l_2192.png   0 0 0 0 0 0 0 0 1 0
../SN001/SN001_l_2193.png   0 0 0 0 0 0 0 0 1 0
../SN001/SN001_l_2194.png   0 0 0 0 0 0 0 0 1 0
../SN001/SN001_l_2195.png   0 0 0 0 0 0 0 0 1 0
../SN001/SN001_l_2196.png   0 0 0 0 0 0 0 0 1 0
../SN001/SN001_l_2197.png   0 0 0 0 0 0 0 0 1 0
../SN001/SN001_l_2198.png   0 0 0 0 0 0 0 0 1 0
../SN001/SN001_l_2199.png   0 0 0 0 0 0 0 0 1 0
../SN001/SN001_l_2200.png   0 0 0 0 0 0 0 0 1 0
../SN001/SN001_l_2201.png   0 0 0 0 0 0 0 0 1 0
../SN001/SN001_l_2202.png   0 0 0 0 0 0 0 0 1 0
../SN001/SN001_l_2203.png   0 0 0 0 0 0 0 0 1 0
../SN001/SN001_l_2204.png   0 0 0 0 0 0 0 0 1 0
../SN001/SN001_l_2205.png   0 0 0 0 0 0 0 0 1 0
../SN001/SN001_l_2206.png   0 0 0 0 0 0 0 0 1 0
../SN001/SN001_l_2207.png   0 0 0 0 0 0 0 0 1 0
../SN001/SN001_l_2208.png   0 0 0 0 0 0 0 0 1 0
../SN001/SN001_l_2209.png   0 0 0 0 0 0 0 0 1 0
../SN001/SN001_l_2210.png   0 0 0 0 0 0 0 0 1 0
../SN001/SN001_l_2211.png   0 0 0 0 0 0 0 0 1 0
../SN001/SN001_l_2212.png   0 0 0 0 0 0 0 0 1 0
../SN001/SN001_l_2213.png   0 0 0 0 0 0 0 0 1 0
../SN001/SN001_l_2214.png   0 0 0 0 0 0 0 0 1 0
../SN001/SN001_l_2215.png   0 0 0 0 0 0 0 0 1 0
../SN001/SN001_l_2216.png   0 0 0 0 0 0 0 0 1 0
../SN001/SN001_l_2217.png   0 0 0 0 0 0 0 0 1 0
../SN001/SN001_l_2218.png   0 0 0 0 0 0 0 0 1 0
../SN001/SN001_l_2219.png   0 0 0 0 0 0 0 0 1 0
../SN001/SN001_l_2220.png   0 0 0 0 0 0 0 0 1 0
../SN001/SN001_l_2221.png   0 0 0 0 0 0 0 0 1 0
../SN001/SN001_l_2222.png   0 0 0 0 0 0 0 0 1 0
../SN001/SN001_l_2223.png   0 0 0 0 0 0 0 0 1 0
../SN001/SN001_l_2224.png   0 0 0 0 0 0 0 0 1 0
../SN001/SN001_l_2225.png   0 0 0 0 0 0 0 0 1 0
../SN001/SN001_l_2226.png   0 0 0 0 0 0 0 0 1 0
../SN001/SN001_l_2227.png   0 0 0 0 0 0 0 0 1 0
../SN001/SN001_l_2228.png   0 0 0 0 0 0 0 0 1 0
../SN001/SN001_l_2229.png   0 0 0 0 0 0 0 0 1 0
../SN001/SN001_l_2230.png   0 0 0 0 0 0 0 0 1 0
../SN001/SN001_l_2231.png   0 0 0 0 0 0 0 0 1 0
../SN001/SN001_l_2232.png   0 0 0 0 0 0 0 0 1 0
../SN001/SN001_l_2233.png   0 0 0 0 0 0 0 0 1 0
../SN001/SN001_l_2234.png   0 0 0 0 0 0 0 0 1 0
../SN001/SN001_l_2235.png   0 0 0 0 0 0 0 0 1 0
../SN001/SN001_l_2236.png   0 0 0 0 0 0 0 0 1 0
../SN001/SN001_l_2237.png   0 0 0 0 0 0 0 0 1 0
../SN001/SN001_l_2238.png   0 0 0 0 0 0 0 0 1 0
../SN001/SN001_l_2239.png   0 0 0 0 0 0 0 0 1 0
../SN001/SN001_l_2240.png   0 0 0 0 0 0 0 0 1 0
../SN001/SN001_l_2241.png   0 0 0 0 0 0 0 0 1 0
../SN001/SN001_l_2242.png   0 0 0 0 0 0 0 0 1 0
../SN001/SN001_l_2243.png   0 0 0 0 0 0 0 0 1 0
../SN001/SN001_l_2244.png   0 0 0 0 0 0 0 0 1 0
../SN001/SN001_l_2245.png   0 0 0 0 0 0 0 0 1 0
../SN001/SN001_l_2246.png   0 0 0 0 0 0 0 0 1 0
../SN001/SN001_l_2247.png   0 0 0 0 0 0 0 0 1 0
../SN001/SN001_l_2248.png   0 0 0 0 0 0 0 0 1 0
../SN001/SN001_l_2249.png   0 0 0 0 0 0 0 0 1 0
../SN001/SN001_l_2250.png   0 0 0 0 0 0 0 0 1 0
../SN001/SN001_l_2251.png   0 0 0 0 0 0 0 0 1 0
../SN001/SN001_l_2252.png   0 0 0 0 0 0 0 0 1 0
../SN001/SN001_l_2253.png   0 0 0 0 0 0 0 0 1 0
../SN001/SN001_l_2254.png   0 0 0 0 0 0 0 0 1 0
../SN001/SN001_l_2255.png   0 0 0 0 0 0 0 0 1 0
../SN001/SN001_l_2256.png   0 0 0 0 0 0 0 0 1 0
../SN001/SN001_l_2257.png   0 0 0 0 0 0 0 0 1 0
../SN001/SN001_l_2258.png   0 0 0 0 0 0 0 0 1 0
../SN001/SN001_l_2259.png   0 0 0 0 0 0 0 0 1 0
../SN001/SN001_l_2260.png   0 0 0 0 0 0 0 0 1 0
../SN001/SN001_l_2261.png   0 0 0 0 0 0 0 0 1 0
../SN001/SN001_l_2262.png   0 0 0 0 0 0 0 0 1 0
../SN001/SN001_l_2263.png   0 0 0 0 0 0 0 0 1 0
../SN001/SN001_l_2264.png   0 0 0 0 0 0 0 0 1 0
../SN001/SN001_l_2265.png   0 0 0 0 0 0 0 0 1 0
../SN001/SN001_l_2266.png   0 0 0 0 0 0 0 0 1 0
../SN001/SN001_l_2267.png   0 0 0 0 0 0 0 0 1 0
../SN001/SN001_l_2268.png   0 0 0 0 0 0 0 0 1 0
../SN001/SN001_l_2269.png   0 0 0 0 0 0 0 0 1 0
../SN001/SN001_l_2270.png   0 0 0 0 0 0 0 0 1 0
../SN001/SN001_l_2271.png   0 0 0 0 0 0 0 0 1 0
../SN001/SN001_l_2272.png   0 0 0 0 0 0 0 0 1 0
../SN001/SN001_l_2273.png   0 0 0 0 0 0 0 0 1 0
../SN001/SN001_l_2274.png   0 0 0 0 0 0 0 0 1 0
../SN001/SN001_l_2275.png   0 0 0 0 0 0 0 0 1 0
../SN001/SN001_l_2276.png   0 0 0 0 0 0 0 0 1 0
../SN001/SN001_l_2277.png   0 0 0 0 0 0 0 0 1 0
../SN001/SN001_l_2278.png   0 0 0 0 0 0 0 0 1 0
../SN001/SN001_l_2279.png   0 0 0 0 0 0 0 0 1 0
../SN001/SN001_l_2280.png   0 0 0 0 0 0 0 0 1 0
../SN001/SN001_l_2281.png   0 0 0 0 0 0 0 0 1 0
../SN001/SN001_l_2282.png   0 0 0 0 0 0 0 0 1 0
../SN001/SN001_l_2283.png   0 0 0 0 0 0 0 0 1 0
../SN001/SN001_l_2284.png   0 0 0 0 0 0 0 0 1 0
../SN001/SN001_l_2285.png   0 0 0 0 0 0 0 0 1 0
../SN001/SN001_l_2286.png   0 0 0 0 0 0 0 0 1 0
../SN001/SN001_l_2287.png   0 0 0 0 0 0 1 0 1 0
../SN001/SN001_l_2288.png   0 0 0 0 0 0 1 0 1 0
../SN001/SN001_l_2289.png   0 0 0 0 0 0 1 0 1 0
../SN001/SN001_l_2290.png   0 0 0 0 0 0 1 0 1 0
../SN001/SN001_l_2291.png   0 0 0 0 0 0 1 0 1 0
../SN001/SN001_l_2292.png   0 0 0 0 0 0 1 0 1 0
../SN001/SN001_l_2293.png   0 0 0 0 0 0 1 0 1 0
../SN001/SN001_l_2294.png   0 0 0 0 0 0 1 0 1 0
../SN001/SN001_l_2295.png   0 0 0 0 0 0 1 0 1 0
../SN001/SN001_l_2296.png   0 0 0 0 0 0 1 0 1 0
../SN001/SN001_l_2297.png   0 0 0 0 0 0 1 0 1 0
../SN001/SN001_l_2298.png   0 0 0 0 0 0 1 0 1 0
../SN001/SN001_l_2299.png   0 0 0 0 0 0 1 0 1 0
../SN001/SN001_l_2300.png   0 0 0 0 0 0 1 0 1 0
../SN001/SN001_l_2301.png   0 0 0 0 0 0 1 0 1 0
../SN001/SN001_l_2302.png   0 0 0 0 0 0 1 0 1 0
../SN001/SN001_l_2303.png   0 0 0 0 0 0 1 0 1 0
../SN001/SN001_l_2304.png   0 0 0 0 0 0 1 0 1 0
../SN001/SN001_l_2305.png   0 0 0 0 0 0 1 0 1 0
../SN001/SN001_l_2306.png   0 0 0 0 0 0 1 0 1 0
../SN001/SN001_l_2307.png   0 0 0 0 0 0 1 0 1 0
../SN001/SN001_l_2308.png   0 0 0 0 0 0 1 0 1 0
../SN001/SN001_l_2309.png   0 0 0 0 0 0 1 0 1 0
../SN001/SN001_l_2310.png   0 0 0 0 0 0 1 0 1 0
../SN001/SN001_l_2311.png   0 0 0 0 0 0 1 0 1 0
../SN001/SN001_l_2312.png   0 0 0 0 0 0 1 0 1 0
../SN001/SN001_l_2313.png   0 0 0 0 0 0 1 0 1 0
../SN001/SN001_l_2314.png   0 0 0 0 0 0 1 0 1 0
../SN001/SN001_l_2315.png   0 0 0 0 0 0 1 0 1 0
../SN001/SN001_l_2316.png   0 0 0 0 0 0 1 0 1 0
../SN001/SN001_l_2317.png   0 0 0 0 0 0 1 0 1 0
../SN001/SN001_l_2318.png   0 0 0 0 0 0 1 0 1 0
../SN001/SN001_l_2319.png   0 0 0 0 0 0 1 0 1 0
../SN001/SN001_l_2320.png   0 0 0 0 0 0 1 0 1 0
../SN001/SN001_l_2321.png   0 0 0 0 0 0 1 0 1 0
../SN001/SN001_l_2322.png   0 0 0 0 0 0 1 0 1 0
../SN001/SN001_l_2323.png   0 0 0 0 0 0 1 0 1 0
../SN001/SN001_l_2324.png   0 0 0 0 0 0 1 0 1 0
../SN001/SN001_l_2325.png   0 0 0 0 0 0 1 0 1 0
../SN001/SN001_l_2326.png   0 0 0 0 0 0 1 0 1 0
../SN001/SN001_l_2327.png   0 0 0 0 0 0 1 0 1 0